x(chord_dir),y(span_dir)
0.003,0.06
0.003,0.0603
0.003,0.0606
0.003,0.060899999999999996
0.003,0.0612
0.003,0.0615
0.003,0.0618
0.003,0.062099999999999995
0.003,0.0624
0.003,0.06269999999999999
0.003,0.063
0.003,0.0633
0.003,0.0636
0.003,0.0639
0.003,0.0642
0.003,0.0645
0.003,0.0648
0.003,0.06509999999999999
0.003,0.0654
0.003,0.0657
0.003,0.066
0.003,0.0663
0.003,0.06659999999999999
0.003,0.0669
0.003,0.0672
0.003,0.0675
0.003,0.0678
0.003,0.0681
0.003,0.0684
0.003,0.0687
0.003,0.06899999999999999
0.003,0.0693
0.003,0.0696
0.003,0.06989999999999999
0.003,0.0702
0.0030210091508423168,0.0705
0.003090920401239652,0.0708
0.0031604213094501747,0.0711
0.0032295229221358354,0.07139999999999999
0.0032982356615755435,0.0717
0.003366569376086492,0.072
0.0034345333852105293,0.0723
0.0035021365203237024,0.0726
0.003569387161230619,0.07289999999999999
0.0036362932692249276,0.0732
0.0037028624170298403,0.0735
0.003769101815976037,0.07379999999999999
0.0038350183407264873,0.0741
0.003900618551817143,0.0744
0.0039659087162480485,0.0747
0.004030894826329872,0.075
0.004095582616965686,0.07529999999999999
0.004159977581526111,0.0756
0.004224084986457187,0.0759
0.004287909884744233,0.07619999999999999
0.004351457128340809,0.0765
0.00441473137965978,0.0768
0.004477737122212748,0.0771
0.004540478670474851,0.0774
0.0046029601790437405,0.07769999999999999
0.004665185651154375,0.078
0.004727158946604924,0.0783
0.00478888378914357,0.0786
0.004850363773360942,0.0789
0.004911602371128657,0.07919999999999999
0.0049726029376204696,0.0795
0.005033368716949137,0.0798
0.005093902847448976,0.0801
0.005154208366631355,0.0804
0.0052142882158379,0.0807
0.005274145244613974,0.08099999999999999
0.005333782214823028,0.0813
0.005393201804520593,0.08159999999999999
0.005452406611605147,0.0819
0.005511399157261553,0.0822
0.005570181889211546,0.08249999999999999
0.0056287571847844905,0.0828
0.005687127353820604,0.0831
0.005745294641417829,0.0834
0.005803261230532713,0.0837
0.005861029244444772,0.08399999999999999
0.005918600749093154,0.0843
0.005975977755293695,0.0846
0.006033162220843913,0.0849
0.006090156052522848,0.0852
0.00614696110799224,0.08549999999999999
0.0062035791976049635,0.08579999999999999
0.006260012086126344,0.0861
0.0063162614943734355,0.08639999999999999
0.006372329100777118,0.0867
0.006428216542871439,0.087
0.006483925418714391,0.08729999999999999
0.0065394572882439776,0.0876
0.006594813674573209,0.08789999999999999
0.006649996065227382,0.0882
0.0067050059133268464,0.0885
0.006759844638718163,0.08879999999999999
0.006814513629056448,0.0891
0.006869014240841503,0.0894
0.006923347800410111,0.0897
0.006977515604886853,0.09
0.00703151892309548,0.09029999999999999
0.007085358996432967,0.0906
0.00713903703970801,0.0909
0.007192554241945851,0.0912
0.007245911767161021,0.0915
0.007299110755099597,0.09179999999999999
0.007352152321952489,0.09209999999999999
0.007405037561041064,0.0924
0.007457767543476532,0.0927
0.007510343318794232,0.093
0.007562765915564078,0.0933
0.007615036341978192,0.09359999999999999
0.007667155586416836,0.0939
0.0077191246179935885,0.09419999999999999
0.007770944387080732,0.0945
0.007822615825815704,0.0948
0.007874139848589482,0.09509999999999999
0.007925517352517675,0.09539999999999998
0.007976749217895103,0.0957
0.008027836308634517,0.096
0.008078779472690239,0.0963
0.008129579542467246,0.09659999999999999
0.008180237335216424,0.09689999999999999
0.008230753653416467,0.0972
0.008281129285143057,0.0975
0.008331365004425806,0.0978
0.008381461571593477,0.09809999999999999
0.008431419733607918,0.09839999999999999
0.008481240224387237,0.0987
0.008530923765118584,0.099
0.008580471064560951,0.0993
0.008629882819338453,0.0996
0.00867915971422435,0.09989999999999999
0.00872830242241627,0.1002
0.008777311605802912,0.10049999999999999
0.008826187915222567,0.1008
0.00887493199071377,0.1011
0.008923544461758373,0.10139999999999999
0.008972025947517335,0.10169999999999998
0.009020377057059487,0.102
0.009068598389583502,0.1023
0.009116690534633388,0.1026
0.009164654072307666,0.10289999999999999
0.009212489573462514,0.10319999999999999
0.00926019759990903,0.1035
0.009307778704604908,0.1038
0.00935523343184065,0.1041
0.00940256231742052,0.10439999999999999
0.009449765888838472,0.10469999999999999
0.009496844665449143,0.105
0.009543799158634155,0.10529999999999999
0.009590629871963845,0.1056
0.009637337301354576,0.1059
0.00968392193522181,0.10619999999999999
0.009730384254629035,0.10649999999999998
0.009776724733432747,0.10679999999999999
0.009822943838423534,0.1071
0.00986904202946348,0.1074
0.009915019759619937,0.10769999999999999
0.009960877475295829,0.10799999999999998
0.010006615616356549,0.1083
0.010052234616253623,0.1086
0.010097734902145201,0.1089
0.010143116895013467,0.10919999999999999
0.010188381009779089,0.10949999999999999
0.010233527655412793,0.1098
0.01027855723504416,0.1101
0.010323470146067703,0.1104
0.010368266780246327,0.11069999999999999
0.010412947523812265,0.11099999999999999
0.010457512757565525,0.1113
0.010501962856969973,0.11159999999999999
0.010546298192247078,0.1119
0.010590519128467429,0.1122
0.010634626025640028,0.11249999999999999
0.010678619238799517,0.11279999999999998
0.010722499118091304,0.11309999999999999
0.010766266008854717,0.1134
0.010809920251704207,0.1137
0.01085346218260865,0.11399999999999999
0.010896892132968858,0.11429999999999998
0.010940210429693273,0.1146
0.010983417395271948,0.1149
0.011026513347848845,0.1152
0.011069498601292495,0.11549999999999999
0.011112373465265078,0.11579999999999999
0.01115513824528994,0.1161
0.011197793242817632,0.11639999999999999
0.011240338755290466,0.1167
0.011282775076205662,0.11699999999999999
0.01132510249517709,0.11729999999999999
0.011367321297995702,0.1176
0.011409431766688615,0.11789999999999999
0.011451434179576938,0.1182
0.011493328811332361,0.1185
0.011535115933032504,0.11879999999999999
0.01157679581221512,0.11909999999999998
0.011618368712931154,0.11939999999999999
0.011659834895796644,0.1197
0.011701194618043566,0.12
0.0117424481335696,0.12029999999999999
0.011783595692986896,0.12059999999999998
0.011824637543669768,0.1209
0.011865573929801473,0.1212
0.011906405092419968,0.1215
0.011947131269462804,0.12179999999999999
0.011987752695811031,0.12209999999999999
0.012028269603332274,0.1224
0.012068682220922923,0.12269999999999999
0.012108990774549449,0.123
0.012149195487288945,0.12329999999999999
0.012189296579368828,0.12359999999999999
0.012229294268205761,0.1239
0.012269188768443802,0.12419999999999999
0.012308980291991818,0.12449999999999999
0.012348669048060186,0.1248
0.012388255243196696,0.1251
0.012427739081321887,0.1254
0.012467120763763575,0.12569999999999998
0.012506400489290793,0.126
0.01254557845414708,0.1263
0.012584654852083078,0.1266
0.012623629874388571,0.12689999999999999
0.0126625037099239,0.12719999999999998
0.012701276545150748,0.1275
0.012739948564162417,0.1278
0.012778519948713459,0.1281
0.012816990878248839,0.1284
0.012855361529932477,0.12869999999999998
0.0128936320786753,0.129
0.0129318026971628,0.1293
0.012969873555882036,0.1296
0.01300784482314817,0.1299
0.013045716665130522,0.13019999999999998
0.013083489245878125,0.1305
0.013121162727344865,0.13079999999999997
0.013158737269414111,0.1311
0.01319621302992294,0.1314
0.013233590164685914,0.13169999999999998
0.01327086882751844,0.132
0.013308049170259703,0.13229999999999997
0.01334513134279519,0.1326
0.013382115493078845,0.1329
0.01341900176715478,0.13319999999999999
0.013455790309178664,0.1335
0.013492481261438677,0.13379999999999997
0.013529074764376163,0.1341
0.013565570956605858,0.1344
0.013601969974935811,0.1347
0.013638271954386945,0.135
0.01367447702821228,0.13529999999999998
0.013710585327915826,0.1356
0.013746596983271141,0.1359
0.013782512122339597,0.1362
0.01381833087148831,0.1365
0.013854053355407764,0.13679999999999998
0.01388967969712916,0.1371
0.013925210018041447,0.1374
0.013960644437908069,0.1377
0.013995983074883426,0.138
0.014031226045529092,0.13829999999999998
0.014066373464829704,0.1386
0.014101425446208642,0.1389
0.014136382101543382,0.1392
0.014171243541180673,0.13949999999999999
0.014206009873951396,0.13979999999999998
0.014240681207185192,0.1401
0.014275257646724885,0.1404
0.014309739296940599,0.1407
0.014344126260743712,0.141
0.014378418639600538,0.14129999999999998
0.014412616533545771,0.1416
0.014446720041195786,0.14189999999999997
0.0144807292597616,0.1422
0.014514644285061733,0.1425
0.014548465211534826,0.14279999999999998
0.014582192132251993,0.1431
0.014615825138929062,0.14339999999999997
0.014649364321938578,0.1437
0.014682809770321568,0.144
0.014716161571799212,0.14429999999999998
0.014749419812784234,0.1446
0.014782584578392157,0.14489999999999997
0.01481565595245237,0.1452
0.014848634017518993,0.1455
0.014881518854881612,0.14579999999999999
0.014914310544575798,0.1461
0.014947009165393479,0.14639999999999997
0.014979614794893143,0.1467
0.01501212750940985,0.147
0.015044547384065163,0.1473
0.0150768744927768,0.1476
0.015109108908268252,0.14789999999999998
0.015141250702078148,0.1482
0.015173299944569556,0.1485
0.015205256704939043,0.1488
0.015237121051225693,0.1491
0.015268893050319894,0.14939999999999998
0.015300572767972032,0.1497
0.015332160268801017,0.15
0.015363655616302716,0.1503
0.0153950588728582,0.15059999999999998
0.015426370099741902,0.15089999999999998
0.015457589357129608,0.1512
0.01548871670410635,0.1515
0.015519752198674156,0.1518
0.015550695897759679,0.15209999999999999
0.015581547857221711,0.15239999999999998
0.015612308131858574,0.1527
0.015642976775415367,0.15299999999999997
0.01567355384059116,0.1533
0.01570403937904598,0.1536
0.01573443344140779,0.15389999999999998
0.015764736077279247,0.1542
0.01579494733524446,0.15449999999999997
0.01582506726287555,0.1548
0.015855095906739128,0.1551
0.015885033312402718,0.15539999999999998
0.015914879524441018,0.1557
0.015944634586442054,0.15599999999999997
0.015974298541013288,0.1563
0.01600387142978758,0.1566
0.01603335329342908,0.15689999999999998
0.016062744171639002,0.1572
0.0160920441031613,0.15749999999999997
0.016121253125788285,0.1578
0.016150371276366118,0.1581
0.01617939859080021,0.15839999999999999
0.016208335104060556,0.1587
0.01623718085018697,0.15899999999999997
0.016265935862294214,0.1593
0.01629460017257706,0.1596
0.01632317381231527,0.1599
0.01635165681187848,0.1602
0.01638004920073101,0.16049999999999998
0.016408351007436563,0.1608
0.016436562259662918,0.1611
0.016464682984186428,0.1614
0.016492713206896565,0.16169999999999998
0.016520652952800283,0.16199999999999998
0.01654850224602637,0.1623
0.01657626110982969,0.1626
0.016603929566595357,0.1629
0.016631507637842862,0.16319999999999998
0.016658995344230085,0.16349999999999998
0.01668639270555724,0.1638
0.016713699740770808,0.16409999999999997
0.016740916467967305,0.1644
0.01676804290439706,0.16469999999999999
0.016795079066467874,0.16499999999999998
0.016822024969748644,0.1653
0.016848880628972898,0.16559999999999997
0.016875646058042284,0.1659
0.016902321270029948,0.1662
0.016928906277183933,0.16649999999999998
0.01695540109093039,0.1668
0.016981805721876863,0.16709999999999997
0.0170081201798154,0.1674
0.017034344473725666,0.1677
0.01706047861177796,0.16799999999999998
0.01708652260133619,0.1683
0.01711247644896079,0.16859999999999997
0.017138340160411557,0.1689
0.017164113740650452,0.1692
0.017189797193844315,0.16949999999999998
0.017215390523367572,0.1698
0.0172408937318048,0.17009999999999997
0.017266306820953353,0.1704
0.017291629791825802,0.1707
0.01731686264465243,0.17099999999999999
0.017342005378883592,0.1713
0.017367057993192086,0.17159999999999997
0.017392020485475397,0.1719
0.017416892852857982,0.1722
0.017441675091693382,0.1725
0.017466367197566404,0.17279999999999998
0.01749096916529516,0.17309999999999998
0.017515480988933112,0.1734
0.017539902661771013,0.1737
0.01756423417633885,0.174
0.017588475524407707,0.17429999999999998
0.01761262669699158,0.17459999999999998
0.01763668768434914,0.1749
0.017660658475985476,0.1752
0.017684539060653735,0.1755
0.017708329426356768,0.17579999999999998
0.017732029560348687,0.17609999999999998
0.017755639449136412,0.1764
0.017779159078481148,0.17669999999999997
0.01780258843339979,0.177
0.01782592749816633,0.17729999999999999
0.01784917625631321,0.17759999999999998
0.01787233469063259,0.1779
0.017895402783177604,0.17819999999999997
0.017918380515263576,0.1785
0.017941267867469156,0.1788
0.017964064819637443,0.17909999999999998
0.017986771350877062,0.1794
0.018009387439563172,0.17969999999999997
0.018031913063338463,0.18
0.018054348199114053,0.1803
0.01807669282307044,0.18059999999999998
0.018098946910658317,0.1809
0.01812111043659937,0.18119999999999997
0.018143183374887063,0.1815
0.01816516569878734,0.1818
0.01818705738083934,0.18209999999999998
0.018208858392855975,0.1824
0.01823056870592458,0.18269999999999997
0.018252188290407444,0.183
0.01827371711594231,0.1833
0.018295155151442866,0.18359999999999999
0.018316502365099175,0.18389999999999998
0.018337758724378032,0.18419999999999997
0.018358924196023356,0.1845
0.018379998746056465,0.1848
0.018400982339776346,0.1851
0.018421874941759904,0.18539999999999998
0.01844267651586212,0.18569999999999998
0.018463387025216205,0.186
0.018484006432233722,0.1863
0.01850453469860464,0.1866
0.01852497178529734,0.18689999999999998
0.018545317652558638,0.18719999999999998
0.018565572259913732,0.1875
0.01858573556616605,0.1878
0.0186058075293972,0.1881
0.01862578810696677,0.18839999999999998
0.018645677255512076,0.18869999999999998
0.018665474930947973,0.18899999999999997
0.01868518108846655,0.1893
0.01870479568253678,0.1896
0.018724318666904185,0.18989999999999999
0.01874374999459041,0.19019999999999998
0.018763089617892817,0.19049999999999997
0.018782337488383948,0.1908
0.018801493556911048,0.1911
0.0188205577735955,0.1914
0.018839530087832203,0.19169999999999998
0.01885841044828899,0.19199999999999998
0.018877198802905882,0.1923
0.01889589509889445,0.1926
0.01891449928273701,0.1929
0.01893301130018585,0.19319999999999998
0.01895143109626243,0.19349999999999998
0.018969758615256457,0.19379999999999997
0.01898799380072504,0.1941
0.01900613659549172,0.1944
0.019024186941645486,0.19469999999999998
0.01904214478053976,0.19499999999999998
0.019060010052791353,0.19529999999999997
0.019077782698279342,0.1956
0.019095462656143935,0.1959
0.019113049864785337,0.19619999999999999
0.019130544261862493,0.19649999999999998
0.01914794578429185,0.19679999999999997
0.019165254368246076,0.1971
0.01918246994915272,0.1974
0.019199592461692838,0.1977
0.01921662183979962,0.19799999999999998
0.019233558016656885,0.19829999999999998
0.019250400924697663,0.1986
0.019267150495602594,0.1989
0.01928380666029844,0.1992
0.019300369348956438,0.19949999999999998
0.019316838490990664,0.19979999999999998
0.019333214015056326,0.20009999999999997
0.019349495849048107,0.2004
0.019365683920098326,0.2007
0.019381778154575195,0.20099999999999998
0.019397778478080937,0.20129999999999998
0.019413684815449903,0.20159999999999997
0.0194294970907467,0.2019
0.019445215227264147,0.2022
0.019460839147521333,0.20249999999999999
0.019476368773261536,0.20279999999999998
0.01949180402545016,0.20309999999999997
0.01950714482427259,0.2034
0.019522391089132007,0.2037
0.019537542738647235,0.204
0.01955259969065041,0.20429999999999998
0.019567561862184734,0.20459999999999998
0.019582429169502147,0.2049
0.0195972015280609,0.2052
0.01961187885252316,0.2055
0.019626461056752573,0.20579999999999998
0.01964094805381169,0.20609999999999998
0.019655339755959466,0.20639999999999997
0.01966963607464867,0.2067
0.019683836920523192,0.207
0.01969794220341543,0.20729999999999998
0.019711951832343505,0.20759999999999998
0.01972586571550854,0.20789999999999997
0.019739683760291782,0.2082
0.01975340587325182,0.2085
0.019767031960121605,0.20879999999999999
0.019780561925805552,0.20909999999999998
0.01979399567437651,0.20939999999999998
0.01980733310907274,0.2097
0.019820574132294815,0.21
0.019833718645602485,0.2103
0.019846766549711476,0.21059999999999998
0.019859717744490316,0.21089999999999998
0.019872572128956996,0.21119999999999997
0.019885329601275675,0.2115
0.019897990058753295,0.2118
0.019910553397836164,0.21209999999999998
0.019923019514106494,0.21239999999999998
0.01993538830227886,0.21269999999999997
0.01994765965619665,0.213
0.01995983346882842,0.2133
0.01997190963226426,0.21359999999999998
0.019983888037712037,0.21389999999999998
0.019995768575493632,0.21419999999999997
0.020007551135041157,0.2145
0.020019235604893,0.2148
0.020030821872689973,0.21509999999999999
0.02004230982517128,0.21539999999999998
0.02005369934817053,0.21569999999999998
0.020064990326611597,0.216
0.02007618264450452,0.2163
0.020087276184941286,0.2166
0.020098270830091594,0.21689999999999998
0.020109166461198525,0.21719999999999998
0.020119962958574225,0.21749999999999997
0.020130660201595433,0.2178
0.02014125806869904,0.2181
0.020151756437377558,0.21839999999999998
0.020162155184174503,0.21869999999999998
0.020172454184679778,0.21899999999999997
0.020182653313524954,0.2193
0.02019275244437849,0.2196
0.020202751449940937,0.21989999999999998
0.020212650201940026,0.22019999999999998
0.02022244857112572,0.22049999999999997
0.02023214642726523,0.2208
0.020241743639137912,0.2211
0.02025124007453016,0.22139999999999999
0.0202606356002302,0.22169999999999998
0.020269930082022814,0.22199999999999998
0.020279123384684027,0.22229999999999997
0.020288215371975737,0.2226
0.020297205906640216,0.2229
0.020306094850394626,0.22319999999999998
0.020314882063925392,0.22349999999999998
0.02032356740688259,0.22379999999999997
0.02033215073787419,0.2241
0.020340631914460235,0.2244
0.020349010793147066,0.22469999999999998
0.02035728722938128,0.22499999999999998
0.020365461077543796,0.22529999999999997
0.020373532190943757,0.2256
0.020381500421812356,0.2259
0.020389365621296656,0.22619999999999998
0.020397127639453245,0.22649999999999998
0.020404786325241894,0.22679999999999997
0.0204123415265191,0.2271
0.02041979309003154,0.2274
0.02042714086140951,0.22769999999999999
0.02043438468516021,0.22799999999999998
0.020441524404660974,0.22829999999999998
0.020448559862152473,0.22859999999999997
0.020455490898731745,0.2289
0.020462317354345234,0.2292
0.02046903906778166,0.22949999999999998
0.0204756558766649,0.22979999999999998
0.020482167617446687,0.23009999999999997
0.02048857412539931,0.2304
0.02049487523460817,0.2307
0.020501070777964245,0.23099999999999998
0.02050716058715653,0.23129999999999998
0.020513144492664337,0.23159999999999997
0.02051902232374949,0.2319
0.02052479390844846,0.2322
0.02053045907356444,0.23249999999999998
0.020536017644659222,0.23279999999999998
0.02054146944604511,0.23309999999999997
0.020546814300776605,0.2334
0.020552052030642122,0.2337
0.020557182456155506,0.23399999999999999
0.0205622053965475,0.23429999999999998
0.020567120669757116,0.23459999999999998
0.020571928092422864,0.23489999999999997
0.02057662747987394,0.2352
0.020581218646121224,0.2355
0.020585701403848286,0.23579999999999998
0.020590075564402174,0.23609999999999998
0.020594340937784165,0.23639999999999997
0.020598497332640377,0.2367
0.02060254455625229,0.237
0.020606482414527123,0.23729999999999998
0.020610310711988142,0.23759999999999998
0.02061402925176482,0.23789999999999997
0.02061763783558288,0.2382
0.020621136263754232,0.2385
0.020624524335166827,0.23879999999999998
0.020627801847274304,0.23909999999999998
0.020630968596085583,0.23939999999999997
0.020634024376154317,0.23969999999999997
0.020636968980568226,0.24
0.02063980220093828,0.24029999999999999
0.020642523827387772,0.24059999999999998
0.020645133648541276,0.24089999999999998
0.02064763145151342,0.24119999999999997
0.020650017021897588,0.2415
0.020652290143754453,0.2418
0.02065445059960037,0.24209999999999998
0.020656498170395665,0.24239999999999998
0.020658432635532704,0.24269999999999997
0.02066025377282394,0.243
0.0206619613584897,0.2433
0.020663555167145874,0.24359999999999998
0.02066503497179149,0.24389999999999998
0.020666400543796076,0.24419999999999997
0.0206676516528869,0.2445
0.020668788067136054,0.2448
0.02066980955294739,0.24509999999999998
0.020670715875043273,0.24539999999999998
0.020671506796451196,0.24569999999999997
0.020672182078490225,0.24599999999999997
0.02067274148075727,0.2463
0.020673184761113184,0.24659999999999999
0.020673511675668735,0.24689999999999998
0.020673721978770356,0.24719999999999998
0.020673815422985718,0.24749999999999997
0.020673791759089184,0.2478
0.02067365073604701,0.2481
0.020673392101002424,0.24839999999999998
0.020673015599260467,0.24869999999999998
0.02067252097427271,0.24899999999999997
0.020671907967621715,0.2493
0.020671176319005346,0.2496
0.020670325766220857,0.24989999999999998
0.020669356045148825,0.2502
0.020668266889736806,0.25049999999999994
0.02066705803198289,0.25079999999999997
0.020665729201918937,0.2511
0.020664280127593693,0.25139999999999996
0.020662710535055643,0.2517
0.020661020148335662,0.252
0.020659208689429436,0.25229999999999997
0.020657275878279698,0.2526
0.020655221432758178,0.2529
0.02065304506864736,0.2532
0.020650746499622025,0.25349999999999995
0.02064832543723049,0.25379999999999997
0.020645781590875698,0.2541
0.020643114667795965,0.25439999999999996
0.020640324373045575,0.2547
0.020637410409475053,0.255
0.020634372477711195,0.25529999999999997
0.020631210276136906,0.2556
0.020627923500870657,0.2559
0.020624511845745788,0.2562
0.020620975002289457,0.25649999999999995
0.02061731265970137,0.2568
0.020613524504832212,0.2571
0.020609610222161758,0.25739999999999996
0.020605569493776777,0.2577
0.020601401999348554,0.258
0.020597107416110174,0.2583
0.020592685418833485,0.25859999999999994
0.020588135679805733,0.2589
0.020583457868805947,0.2592
0.020578651653080923,0.25949999999999995
0.02057371669732095,0.2598
0.020568652663635185,0.2601
0.020563459211526695,0.26039999999999996
0.02055813599786715,0.2607
0.02055268267687124,0.261
0.020547098900070594,0.2613
0.020541384316287548,0.26159999999999994
0.020535538571608353,0.2619
0.020529561309356164,0.2622
0.02052345217006359,0.26249999999999996
0.020517210791444848,0.2628
0.020510836808367586,0.2631
0.020504329852824285,0.26339999999999997
0.02049768955390327,0.2637
0.02049091553775929,0.264
0.02048400742758373,0.2643
0.020476964843574388,0.26459999999999995
0.020469787402904796,0.26489999999999997
0.020462474719693164,0.2652
0.020455026404970846,0.26549999999999996
0.020447442066650348,0.2658
0.02043972130949293,0.2661
0.020431863735075696,0.26639999999999997
0.020423868941758225,0.2667
0.02041573652464877,0.267
0.02040746607556986,0.2673
0.020399057183023536,0.26759999999999995
0.020390509432155996,0.26789999999999997
0.020381822404721743,0.2682
0.020372995679047236,0.26849999999999996
0.020364028829993983,0.2688
0.020354921428921084,0.2691
0.020345673043647265,0.2694
0.02033628323841231,0.26969999999999994
0.02032675157383795,0.27
0.02031707760688812,0.2703
0.020307260890828707,0.27059999999999995
0.02029730097518664,0.2709
0.02028719740570834,0.2712
0.02027694972431762,0.27149999999999996
0.020266557469072896,0.2718
0.020256020174123753,0.2721
0.020245337369666886,0.2724
0.02023450858190131,0.27269999999999994
0.02022353333298294,0.273
0.02021241114097845,0.2733
0.020201141519818427,0.27359999999999995
0.02018972397924978,0.2739
0.02017815802478744,0.2742
0.020166443157665304,0.27449999999999997
0.020154578874786395,0.2748
0.020142564668672248,0.2751
0.02013040002741151,0.2754
0.020118084434607723,0.27569999999999995
0.02010561736932629,0.27599999999999997
0.020092998306040572,0.2763
0.020080226714577144,0.27659999999999996
0.020067302060060195,0.2769
0.020054223802854987,0.2772
0.02004099139851045,0.27749999999999997
0.02002760429770082,0.2778
0.020014061946166357,0.2781
0.020000363784653044,0.2784
0.01998650924885137,0.27869999999999995
0.019972497769334078,0.27899999999999997
0.019958328771492853,0.2793
0.019944001675474023,0.27959999999999996
0.01992951589611318,0.2799
0.01991487084286865,0.2802
0.019900065919753976,0.28049999999999997
0.019885100525269112,0.28079999999999994
0.019869974052330607,0.2811
0.019854685888200534,0.2814
0.019839235414414184,0.28169999999999995
0.019823622006706627,0.282
0.019807845034937918,0.2823
0.01979190386301706,0.28259999999999996
0.01977579784882471,0.2829
0.019759526344134457,0.2832
0.019743088694532767,0.2835
0.019726484239337604,0.28379999999999994
0.019709712311515477,0.2841
0.019692772237597217,0.2844
0.019675663337592096,0.28469999999999995
0.01965838492490055,0.285
0.019640936306225282,0.2853
0.01962331678148081,0.28559999999999997
0.01960552564370139,0.2859
0.019587562178947273,0.2862
0.01956942566620929,0.2865
0.019551115377311683,0.28679999999999994
0.019532630576813176,0.28709999999999997
0.01951397052190625,0.2874
0.019495134462314562,0.28769999999999996
0.019476121640188467,0.288
0.01945693128999861,0.2883
0.01943756263842753,0.28859999999999997
0.01941801490425929,0.2889
0.019398287298266956,0.2892
0.01937837902309804,0.2895
0.01935828927315772,0.28979999999999995
0.01933801723448988,0.29009999999999997
0.01931756208465586,0.2904
0.01929692299261089,0.29069999999999996
0.01927609911857815,0.291
0.019255089613920414,0.2913
0.019233893621009173,0.29159999999999997
0.01921251027309121,0.29189999999999994
0.01919093869415263,0.2922
0.0191691779987801,0.2925
0.019147227292019453,0.29279999999999995
0.01912508566923145,0.29309999999999997
0.019102752215944645,0.2934
0.01908022600770535,0.29369999999999996
0.019057506109924568,0.294
0.0190345915777218,0.2943
0.01901148145576573,0.2946
0.01898817477811165,0.29489999999999994
0.018964670568035552,0.2952
0.018940967837864787,0.2955
0.01891706558880527,0.29579999999999995
0.01889296281076505,0.2961
0.01886865848217424,0.2964
0.01884415156980112,0.29669999999999996
0.018819441028564445,0.297
0.01879452580134169,0.2973
0.01876940481877329,0.2976
0.018744076999062654,0.29789999999999994
0.018718541247771902,0.29819999999999997
0.018692796457613205,0.2985
0.01866684150823557,0.29879999999999995
0.018640675266007007,0.2991
0.018614296583791896,0.2994
0.018587704300723495,0.29969999999999997
0.01856089724197139,0.3
0.01853387421850377,0.3003
0.01850663402684439,0.3006
0.018479175448824103,0.30089999999999995
0.018451497251326766,0.30119999999999997
0.018423598186029358,0.3015
0.01839547698913622,0.30179999999999996
0.018367132381107144,0.3021
0.018338563066379255,0.3024
0.018309767733082398,0.30269999999999997
0.018280745052747956,0.30299999999999994
0.018251493680010753,0.3033
0.01822201225230407,0.3036
0.018192299389547324,0.30389999999999995
0.0181623536938264,0.30419999999999997
0.01813217374906628,0.3045
0.018101758120695834,0.30479999999999996
0.018071105355304498,0.3051
0.018040213980290567,0.3054
0.018009082503500952,0.30569999999999997
0.01797770941286202,0.30599999999999994
0.017946093176001342,0.3063
0.017914232239860016,0.3066
0.017882125030295293,0.30689999999999995
0.01784976995167323,0.3072
0.017817165386451013,0.3075
0.01778430969474868,0.30779999999999996
0.017751201213909846,0.3081
0.017717838258051163,0.3084
0.017684219117600083,0.3087
0.017650342058820625,0.30899999999999994
0.01761620532332664,0.30929999999999996
0.01758180712758234,0.3096
0.017547145662389522,0.30989999999999995
0.01751221909236114,0.3102
0.017477025555380714,0.3105
0.017441563162047233,0.31079999999999997
0.017405829995104826,0.3111
0.01736982410885701,0.31139999999999995
0.01733354352856468,0.3117
0.017296986249827576,0.312
0.017260150237948364,0.31229999999999997
0.01722303342727903,0.3126
0.017185633720548744,0.31289999999999996
0.017147948988172682,0.3132
0.017109977067541117,0.3135
0.017071715762287998,0.31379999999999997
0.017033162841538357,0.3141
0.016994316039133903,0.31439999999999996
0.0169551730528357,0.3147
0.016915731543503506,0.315
0.01687598913425051,0.31529999999999997
0.016835943409572937,0.3156
0.016795591914453296,0.31589999999999996
0.0167549321534365,0.3162
0.016713961589677702,0.31649999999999995
0.016672677643960843,0.31679999999999997
0.016631077693686828,0.3171
0.01658915907183007,0.31739999999999996
0.016546919065862243,0.3177
0.016504354916642074,0.31799999999999995
0.016461463817269553,0.31829999999999997
0.016418242911903552,0.3186
0.01637468929454104,0.31889999999999996
0.01633080000775658,0.3192
0.016286572041400476,0.31949999999999995
0.016242002331253762,0.3198
0.01619708775763851,0.3201
0.01615182514398134,0.32039999999999996
0.016106211255328382,0.3207
0.016060242796809666,0.32099999999999995
0.0160139164120506,0.3213
0.01596722868152861,0.3216
0.015920176120872286,0.32189999999999996
0.015872755179100712,0.3222
0.015824962236800494,0.32249999999999995
0.015776793604237355,0.3228
0.015728245519399952,0.3231
0.015679314145972397,0.32339999999999997
0.01562999557123259,0.3237
0.015580285803872936,0.32399999999999995
0.015530180771739744,0.3243
0.015479676319487863,0.3246
0.015428768206146295,0.32489999999999997
0.015377452102590802,0.3252
0.015325723588919196,0.32549999999999996
0.015273578151724308,0.3258
0.01522101118126021,0.3261
0.015168017968496062,0.32639999999999997
0.015114593702052351,0.3267
0.015060733465013711,0.32699999999999996
0.015006432231611891,0.3273
0.014951684863772775,0.32759999999999995
0.014896486107520132,0.32789999999999997
0.014840830589229017,0.3282
0.014784712811720975,0.32849999999999996
0.014728127150192661,0.3288
0.014671067847969323,0.32909999999999995
0.014613529012073571,0.32939999999999997
0.014555504608599657,0.3297
0.014496988457882687,0.32999999999999996
0.014437974229451317,0.3303
0.014378455436752332,0.33059999999999995
0.014318425431633796,0.33089999999999997
0.014257877398573605,0.3312
0.014196804348638603,0.33149999999999996
0.014135199113158678,0.3318
0.014073054337099407,0.33209999999999995
0.014010362472115182,0.3324
0.013947115769263923,0.3327
0.013883306271362956,0.33299999999999996
0.013818925804963928,0.3333
0.01375396597192364,0.33359999999999995
0.013688418140545146,0.3339
0.013622273436262301,0.3342
0.013555522731838457,0.33449999999999996
0.013488156637047825,0.3348
0.013420165487805873,0.33509999999999995
0.013351539334712002,0.3354
0.013282267930965354,0.3357
0.013212340719611101,0.33599999999999997
0.01314174682007108,0.3363
0.0130704750139093,0.33659999999999995
0.012998513729777976,0.3369
0.01292585102748593,0.3372
0.012852474581125631,0.33749999999999997
0.01277837166118983,0.3378
0.01270352911560296,0.33809999999999996
0.012627933349585035,0.3384
0.012551570304259402,0.3387
0.012474425433906547,0.33899999999999997
0.012396483681757652,0.3393
0.012317729454211702,0.33959999999999996
0.01223814659334801,0.3399
0.012157718347594687,0.34019999999999995
0.01207642734039878,0.34049999999999997
0.011994255536729167,0.3408
0.01191118420722547,0.34109999999999996
0.011827193889787322,0.3414
0.011742264348376748,0.34169999999999995
0.011656374528781705,0.34199999999999997
0.011569502511062087,0.3423
0.011481625458368096,0.34259999999999996
0.011392719561786467,0.3429
0.011302759980830614,0.34319999999999995
0.011211720779145604,0.34349999999999997
0.011119574854948763,0.3438
0.011026293865668018,0.34409999999999996
0.010931848146174478,0.3444
0.010836206619929999,0.34469999999999995
0.010739336702283095,0.345
0.010641204195047256,0.3453
0.010541773171379698,0.34559999999999996
0.010441005849845449,0.3459
0.010338862456396949,0.34619999999999995
0.010235301072818396,0.3465
0.01013027746997455,0.3468
0.01002374492395621,0.34709999999999996
0.009915654012925474,0.3474
0.009805952392122105,0.34769999999999995
0.009694584544086927,0.348
0.009581491500678205,0.3483
0.009466610532881801,0.34859999999999997
0.009349874803728423,0.3489
0.009231212978802633,0.34919999999999995
0.0091105487878253,0.3495
0.008987800529573242,0.3498
0.00886288051090916,0.35009999999999997
0.008735694408864809,0.3504
0.008606140542456618,0.35069999999999996
0.008474109038096665,0.351
0.008339480868936698,0.35129999999999995
0.008202126744035323,0.35159999999999997
0.008061905817590878,0.3519
0.007918664181246886,0.35219999999999996
0.007772233093135037,0.3525
0.007622426885143031,0.35279999999999995
0.007469040473866388,0.35309999999999997
0.00731184637938642,0.3534
0.007150591127333524,0.35369999999999996
0.006984990870630349,0.354
0.006814726013377854,0.35429999999999995
0.006639434543794513,0.35459999999999997
0.006458703675563473,0.3549
0.006272059241083182,0.35519999999999996
0.006078952049798116,0.3555
0.005878740076908197,0.35579999999999995
0.005670664809297541,0.35609999999999997
0.005453819218724473,0.3564
0.005227103425379505,0.35669999999999996
0.004989161719537283,0.357
0.004738290355604098,0.35729999999999995
0.004472297596466462,0.3576
0.004188281771955787,0.3579
0.0038822596587299047,0.35819999999999996
0.0035484994602997325,0.3585
0.0031782077719871684,0.35879999999999995
0.0027565869808336193,0.3591
0.0022547896628717563,0.3594
0.0015983338796503256,0.35969999999999996
0.0,0.36
0.0,0.36
-0.004795001638950977,0.35969999999999996
-0.006764368988615269,0.3594
-0.008269760942500858,0.3591
-0.009534623315961506,0.35879999999999995
-0.010645498380899197,0.3585
-0.011646778976189714,0.35819999999999996
-0.012564845315867362,0.3579
-0.013416892789399386,0.3576
-0.014214871066812296,0.35729999999999995
-0.014967485158611848,0.357
-0.015681310276138515,0.35669999999999996
-0.016361457656173417,0.3564
-0.017011994427892623,0.35609999999999997
-0.017636220230724593,0.35579999999999995
-0.018236856149394347,0.3555
-0.018816177723249547,0.35519999999999996
-0.01937611102669042,0.3549
-0.01991830363138354,0.35459999999999997
-0.02044417804013356,0.35429999999999995
-0.020954972611891047,0.354
-0.021451773382000574,0.35369999999999996
-0.02193553913815926,0.3534
-0.022407121421599164,0.35309999999999997
-0.022867280655429093,0.35279999999999995
-0.02331669927940511,0.3525
-0.02375599254374066,0.35219999999999996
-0.024185717452772634,0.3519
-0.02460638023210597,0.35159999999999997
-0.025018442606810097,0.35129999999999995
-0.025422327114289996,0.351
-0.02581842162736985,0.35069999999999996
-0.026207083226594426,0.3504
-0.026588641532727483,0.35009999999999997
-0.026963401588719724,0.3498
-0.027331646363475896,0.3495
-0.027693638936407902,0.34919999999999995
-0.02804962441118527,0.3489
-0.028399831598645404,0.34859999999999997
-0.028744474502034614,0.3483
-0.029083753632260782,0.348
-0.029417857176366316,0.34769999999999995
-0.02974696203877642,0.3474
-0.030071234771868627,0.34709999999999996
-0.03039083240992365,0.3468
-0.030705903218455188,0.3465
-0.031016587369190846,0.34619999999999995
-0.03132301754953635,0.3459
-0.03162531951413909,0.34559999999999996
-0.031923612585141765,0.3453
-0.032218010106849285,0.345
-0.03250861985979,0.34469999999999995
-0.032795544438523436,0.3444
-0.033078881597004055,0.34409999999999996
-0.03335872456484629,0.3438
-0.03363516233743681,0.34349999999999997
-0.03390827994249184,0.34319999999999995
-0.0341781586853594,0.3429
-0.03444487637510429,0.34259999999999996
-0.03470850753318626,0.3423
-0.034969123586345116,0.34199999999999997
-0.035226793045130246,0.34169999999999995
-0.03548158166936197,0.3414
-0.03573355262167641,0.34109999999999996
-0.0359827666101875,0.3408
-0.03622928202119634,0.34049999999999997
-0.03647315504278406,0.34019999999999995
-0.03671443978004403,0.3399
-0.03695318836263511,0.33959999999999996
-0.03718945104527296,0.3393
-0.03742327630171964,0.33899999999999997
-0.03765471091277821,0.3387
-0.037883800048755106,0.3384
-0.038110587346808875,0.33809999999999996
-0.03833511498356949,0.3378
-0.038557423743376895,0.33749999999999997
-0.03877755308245779,0.3372
-0.038995541189333925,0.3369
-0.0392114250417279,0.33659999999999995
-0.03942524046021324,0.3363
-0.0396370221588333,0.33599999999999997
-0.03984680379289606,0.3357
-0.040054618004136004,0.3354
-0.04026049646341762,0.33509999999999995
-0.040464469911143476,0.3348
-0.04066656819551537,0.33449999999999996
-0.040866820308786904,0.3342
-0.04106525442163544,0.3339
-0.04126189791577092,0.33359999999999995
-0.04145677741489179,0.3333
-0.04164991881408887,0.33299999999999996
-0.041841347307791765,0.3327
-0.04203108741634555,0.3324
-0.04221916301129822,0.33209999999999995
-0.042405597339476034,0.3318
-0.042590413045915806,0.33149999999999996
-0.042773632195720813,0.3312
-0.04295527629490139,0.33089999999999997
-0.043135366310256995,0.33059999999999995
-0.04331392268835395,0.3303
-0.04349096537364806,0.32999999999999996
-0.043666513825798975,0.3297
-0.043840587036220714,0.32939999999999997
-0.04401320354390797,0.32909999999999995
-0.044184381450577986,0.3288
-0.04435413843516293,0.32849999999999996
-0.04452249176768705,0.3282
-0.044689458322560396,0.32789999999999997
-0.044855054591318326,0.32759999999999995
-0.045019296694835675,0.3273
-0.04518220039504113,0.32699999999999996
-0.045343781106157055,0.3267
-0.04550405390548819,0.32639999999999997
-0.04566303354378063,0.3261
-0.04582073445517292,0.3258
-0.045977170766757586,0.32549999999999996
-0.046132356307772404,0.3252
-0.046286304618438884,0.32489999999999997
-0.046439028958463587,0.3246
-0.04659054231521923,0.3243
-0.046740857411618805,0.32399999999999995
-0.04688998671369777,0.3237
-0.04703794243791719,0.32339999999999997
-0.04718473655819985,0.3231
-0.04733038081271207,0.3228
-0.04747488671040148,0.32249999999999995
-0.04761826553730214,0.3222
-0.04776052836261686,0.32189999999999996
-0.047901686044585834,0.3216
-0.0480417492361518,0.3213
-0.048180728390429,0.32099999999999995
-0.04831863376598515,0.3207
-0.04845547543194402,0.32039999999999996
-0.04859126327291553,0.3201
-0.048726006993761284,0.3198
-0.048859716124201424,0.31949999999999995
-0.04899240002326974,0.3192
-0.04912406788362311,0.31889999999999996
-0.04925472873571066,0.3186
-0.04938439145180866,0.31829999999999997
-0.04951306474992622,0.31799999999999995
-0.04964075719758673,0.3177
-0.049767477215490206,0.31739999999999996
-0.04989323308106049,0.3171
-0.05001803293188253,0.31679999999999997
-0.050141884769033106,0.31649999999999995
-0.0502647964603095,0.3162
-0.05038677574335989,0.31589999999999996
-0.05050783022871881,0.3156
-0.050627967402751536,0.31529999999999997
-0.050747194630510514,0.315
-0.05086551915850711,0.3147
-0.050982948117401714,0.31439999999999996
-0.05109948852461507,0.3141
-0.05121514728686399,0.31379999999999997
-0.05132993120262335,0.3135
-0.05144384696451805,0.3132
-0.05155690116164623,0.31289999999999996
-0.05166910028183709,0.3126
-0.05178045071384509,0.31229999999999997
-0.05189095874948273,0.312
-0.05200063058569404,0.3117
-0.052109472326571024,0.31139999999999995
-0.052217489985314475,0.3111
-0.052324689486141704,0.31079999999999997
-0.05243107666614214,0.3105
-0.05253665727708341,0.3102
-0.05264143698716857,0.30989999999999995
-0.052745421382747015,0.3096
-0.05284861596997992,0.30929999999999996
-0.05295102617646187,0.30899999999999994
-0.05305265735280025,0.3087
-0.05315351477415349,0.3084
-0.05325360364172954,0.3081
-0.05335292908424604,0.30779999999999996
-0.05345149615935304,0.3075
-0.0535493098550197,0.3072
-0.05364637509088588,0.30689999999999995
-0.05374269671958005,0.3066
-0.053838279528004025,0.3063
-0.053933128238586064,0.30599999999999994
-0.054027247510502856,0.30569999999999997
-0.0541206419408717,0.3054
-0.054213316065913494,0.3051
-0.0543052743620875,0.30479999999999996
-0.054396521247198834,0.3045
-0.0544870610814792,0.30419999999999997
-0.054576898168641974,0.30389999999999995
-0.05466603675691221,0.3036
-0.05475448104003226,0.3033
-0.054842235158243866,0.30299999999999994
-0.054929303199247194,0.30269999999999997
-0.05501568919913777,0.3024
-0.055101397143321434,0.3021
-0.05518643096740866,0.30179999999999996
-0.055270794558088074,0.3015
-0.0553544917539803,0.30119999999999997
-0.05543752634647231,0.30089999999999995
-0.055519902080533166,0.3006
-0.05560162265551131,0.3003
-0.05568269172591417,0.3
-0.05576311290217048,0.29969999999999997
-0.05584288975137569,0.2994
-0.055922025798021024,0.2991
-0.05600052452470672,0.29879999999999995
-0.05607838937283961,0.2985
-0.0561556237433157,0.29819999999999997
-0.056232230997187965,0.29789999999999994
-0.056308214456319866,0.2976
-0.05638357740402507,0.2973
-0.05645832308569333,0.297
-0.05653245470940336,0.29669999999999996
-0.056605975446522724,0.2964
-0.056678888432295155,0.2961
-0.05675119676641581,0.29579999999999995
-0.05682290351359436,0.2955
-0.056894011704106656,0.2952
-0.05696452433433495,0.29489999999999994
-0.057034444367297196,0.2946
-0.0571037747331654,0.2943
-0.0571725183297737,0.294
-0.05724067802311605,0.29369999999999996
-0.057308256647833934,0.2934
-0.05737525700769436,0.29309999999999997
-0.05744168187605836,0.29279999999999995
-0.0575075339963403,0.2925
-0.05757281608245789,0.2922
-0.057637530819273634,0.29189999999999994
-0.057701680863027516,0.29159999999999997
-0.05776526884176124,0.2913
-0.05782829735573444,0.291
-0.05789076897783267,0.29069999999999996
-0.05795268625396757,0.2904
-0.05801405170346964,0.29009999999999997
-0.05807486781947316,0.28979999999999995
-0.058135137069294116,0.2895
-0.05819486189480087,0.2892
-0.05825404471277787,0.2889
-0.058312687915282595,0.28859999999999997
-0.05837079386999583,0.2883
-0.0584283649205654,0.288
-0.05848540338694369,0.28769999999999996
-0.05854191156571875,0.2874
-0.05859789173043953,0.28709999999999997
-0.05865334613193505,0.28679999999999994
-0.05870827699862787,0.2865
-0.058762686536841816,0.2862
-0.05881657693110417,0.2859
-0.05886995034444242,0.28559999999999997
-0.05892280891867585,0.2853
-0.05897515477470165,0.285
-0.05902699001277629,0.28469999999999995
-0.05907831671279165,0.2844
-0.05912913693454643,0.2841
-0.05917945271801281,0.28379999999999994
-0.0592292660835983,0.2835
-0.05927857903240337,0.2832
-0.05932739354647413,0.2829
-0.05937571158905118,0.28259999999999996
-0.059423535104813754,0.2823
-0.05947086602011988,0.282
-0.059517706243242555,0.28169999999999995
-0.0595640576646016,0.2814
-0.05960992215699182,0.2811
-0.05965530157580734,0.28079999999999994
-0.05970019775926193,0.28049999999999997
-0.05974461252860595,0.2802
-0.059788547688339536,0.2799
-0.059832005026422067,0.27959999999999996
-0.05987498631447856,0.2793
-0.05991749330800224,0.27899999999999997
-0.05995952774655411,0.27869999999999995
-0.06000109135395913,0.2784
-0.060042185838499074,0.2781
-0.06008281289310246,0.2778
-0.06012297419553135,0.27749999999999997
-0.06016267140856496,0.2772
-0.060201906180180585,0.2769
-0.060240680143731434,0.27659999999999996
-0.06027899491812172,0.2763
-0.06031685210797887,0.27599999999999997
-0.06035425330382317,0.27569999999999995
-0.06039120008223453,0.2754
-0.06042769400601675,0.2751
-0.060463736624359186,0.2748
-0.06049932947299591,0.27449999999999997
-0.06053447407436233,0.2742
-0.06056917193774934,0.2739
-0.06060342455945528,0.27359999999999995
-0.06063723342293535,0.2733
-0.060670599998948825,0.273
-0.06070352574570393,0.27269999999999994
-0.06073601210900066,0.2724
-0.060768060522371256,0.2721
-0.06079967240721869,0.2718
-0.06083084917295285,0.27149999999999996
-0.06086159221712502,0.2712
-0.06089190292555992,0.2709
-0.060921782672486116,0.27059999999999995
-0.06095123282066436,0.2703
-0.060980254721513846,0.27
-0.06100884971523693,0.26969999999999994
-0.0610370191309418,0.2694
-0.06106476428676325,0.2691
-0.06109208648998195,0.2688
-0.061118987037141706,0.26849999999999996
-0.06114546721416523,0.2682
-0.06117152829646799,0.26789999999999997
-0.0611971715490706,0.26759999999999995
-0.06122239822670958,0.2673
-0.061247209573946304,0.267
-0.061271606825274674,0.2667
-0.06129559120522709,0.26639999999999997
-0.06131916392847879,0.2661
-0.061342326199951044,0.2658
-0.061365079214912535,0.26549999999999996
-0.061387424159079496,0.2652
-0.06140936220871439,0.26489999999999997
-0.06143089453072316,0.26459999999999995
-0.06145202228275119,0.2643
-0.06147274661327787,0.264
-0.06149306866170981,0.2637
-0.061512989558472855,0.26339999999999997
-0.06153251042510276,0.2631
-0.061551632374334544,0.2628
-0.06157035651019077,0.26249999999999996
-0.06158868392806849,0.2622
-0.061606615714825064,0.2619
-0.06162415294886264,0.26159999999999994
-0.06164129670021178,0.2613
-0.06165804803061371,0.261
-0.06167440799360145,0.2607
-0.06169037763458009,0.26039999999999996
-0.06170595799090556,0.2601
-0.06172115009196285,0.2598
-0.061735954959242764,0.25949999999999995
-0.061750373606417844,0.2592
-0.0617644070394172,0.2589
-0.06177805625650046,0.25859999999999994
-0.06179132224833052,0.2583
-0.06180420599804566,0.258
-0.061816708481330335,0.2577
-0.06182883066648527,0.25739999999999996
-0.061840573514496636,0.2571
-0.061851937979104106,0.2568
-0.061862925006868366,0.25649999999999995
-0.06187353553723736,0.2562
-0.06188377050261197,0.2559
-0.06189363082841072,0.2556
-0.061903117433133585,0.25529999999999997
-0.06191223122842516,0.255
-0.061920973119136725,0.2547
-0.0619293440033879,0.25439999999999996
-0.06193734477262709,0.2541
-0.06194497631169147,0.25379999999999997
-0.06195223949886608,0.25349999999999995
-0.06195913520594208,0.2532
-0.061965664298274534,0.2529
-0.06197182763483909,0.2526
-0.061977626068288307,0.25229999999999997
-0.06198306044500698,0.252
-0.06198813160516693,0.2517
-0.06199284038278108,0.25139999999999996
-0.061997187605756815,0.2511
-0.06200117409594867,0.25079999999999997
-0.06200480066921042,0.25049999999999994
-0.06200806813544647,0.2502
-0.062010977298662576,0.24989999999999998
-0.062013528957016034,0.2496
-0.062015723902865146,0.2493
-0.06201756292281813,0.24899999999999997
-0.062019046797781405,0.24869999999999998
-0.06202017630300727,0.24839999999999998
-0.06202095220814103,0.2481
-0.06202137527726755,0.2478
-0.062021446268957156,0.24749999999999997
-0.062021165936311067,0.24719999999999998
-0.062020535027006204,0.24689999999999998
-0.06201955428333955,0.24659999999999999
-0.062018224442271806,0.2463
-0.062016546235470676,0.24599999999999997
-0.06201452038935359,0.24569999999999997
-0.06201214762512982,0.24539999999999998
-0.06200942865884217,0.24509999999999998
-0.06200636420140816,0.2448
-0.0620029549586607,0.2445
-0.06199920163138822,0.24419999999999997
-0.061995104915374466,0.24389999999999998
-0.06199066550143762,0.24359999999999998
-0.061985884075469094,0.2433
-0.06198076131847182,0.243
-0.061975297906598115,0.24269999999999997
-0.061969494511186995,0.24239999999999998
-0.06196335179880111,0.24209999999999998
-0.061956870431263356,0.2418
-0.06195005106569276,0.2415
-0.06194289435454026,0.24119999999999997
-0.06193540094562383,0.24089999999999998
-0.06192757148216332,0.24059999999999998
-0.061919406602814836,0.24029999999999999
-0.061910906941704674,0.24
-0.06190207312846295,0.23969999999999997
-0.06189290578825675,0.23939999999999997
-0.06188340554182291,0.23909999999999998
-0.061873573005500476,0.23879999999999998
-0.061863408791262696,0.2385
-0.06185291350674864,0.2382
-0.061842087755294456,0.23789999999999997
-0.061830932135964425,0.23759999999999998
-0.06181944724358137,0.23729999999999998
-0.06180763366875687,0.237
-0.06179549199792113,0.2367
-0.061783022813352496,0.23639999999999997
-0.06177022669320652,0.23609999999999998
-0.06175710421154486,0.23579999999999998
-0.06174365593836367,0.2355
-0.06172988243962182,0.2352
-0.06171578427726859,0.23489999999999997
-0.06170136200927134,0.23459999999999998
-0.061686616189642496,0.23429999999999998
-0.061671547368466514,0.23399999999999999
-0.061656156091926366,0.2337
-0.06164044290232981,0.2334
-0.06162440833813533,0.23309999999999997
-0.06160805293397767,0.23279999999999998
-0.06159137722069332,0.23249999999999998
-0.06157438172534538,0.2322
-0.06155706697124847,0.2319
-0.06153943347799301,0.23159999999999997
-0.0615214817614696,0.23129999999999998
-0.061503212333892734,0.23099999999999998
-0.06148462570382451,0.2307
-0.061465722376197934,0.2304
-0.06144650285234006,0.23009999999999997
-0.061426967629994694,0.22979999999999998
-0.06140711720334498,0.22949999999999998
-0.0613869520630357,0.2292
-0.06136647269619523,0.2289
-0.06134567958645742,0.22859999999999997
-0.06132457321398292,0.22829999999999998
-0.06130315405548063,0.22799999999999998
-0.06128142258422853,0.22769999999999999
-0.061259379270094616,0.2274
-0.0612370245795573,0.2271
-0.06121435897572568,0.22679999999999997
-0.06119138291835974,0.22649999999999998
-0.061168096863889965,0.22619999999999998
-0.061144501265437065,0.2259
-0.06112059657283127,0.2256
-0.06109638323263139,0.22529999999999997
-0.06107186168814384,0.22499999999999998
-0.0610470323794412,0.22469999999999998
-0.061021895743380704,0.2244
-0.06099645221362257,0.2241
-0.06097070222064777,0.22379999999999997
-0.060944646191776176,0.22349999999999998
-0.06091828455118388,0.22319999999999998
-0.060891617719920646,0.2229
-0.06086464611592721,0.2226
-0.06083737015405208,0.22229999999999997
-0.060809790246068446,0.22199999999999998
-0.06078190680069061,0.22169999999999998
-0.06075372022359048,0.22139999999999999
-0.06072523091741373,0.2211
-0.06069643928179569,0.2208
-0.06066734571337716,0.22049999999999997
-0.06063795060582008,0.22019999999999998
-0.06060825434982281,0.21989999999999998
-0.060578257333135474,0.2196
-0.060547959940574866,0.2193
-0.06051736255403933,0.21899999999999997
-0.06048646555252351,0.21869999999999998
-0.06045526931213267,0.21839999999999998
-0.060423774206097125,0.2181
-0.0603919806047863,0.2178
-0.060359888875722675,0.21749999999999997
-0.06032749938359558,0.21719999999999998
-0.06029481249027478,0.21689999999999998
-0.06026182855482386,0.2166
-0.060228547933513565,0.2163
-0.06019497097983479,0.216
-0.060161098044511585,0.21569999999999998
-0.06012692947551384,0.21539999999999998
-0.06009246561806992,0.21509999999999999
-0.060057706814679,0.2148
-0.06002265340512347,0.2145
-0.059987305726480894,0.21419999999999997
-0.05995166411313611,0.21389999999999998
-0.05991572889679278,0.21359999999999998
-0.059879500406485264,0.2133
-0.05984297896858995,0.213
-0.05980616490683658,0.21269999999999997
-0.05976905854231948,0.21239999999999998
-0.05973166019350849,0.21209999999999998
-0.05969397017625988,0.2118
-0.059655988803827026,0.2115
-0.05961771638687099,0.21119999999999997
-0.05957915323347095,0.21089999999999998
-0.05954029964913443,0.21059999999999998
-0.05950115593680745,0.2103
-0.059461722396884444,0.21
-0.05942199932721822,0.2097
-0.05938198702312954,0.20939999999999998
-0.05934168577741666,0.20909999999999998
-0.059301095880364814,0.20879999999999999
-0.05926021761975546,0.2085
-0.059219051280875346,0.2082
-0.05917759714652562,0.20789999999999997
-0.059135855497030515,0.20759999999999998
-0.059093826610246286,0.20729999999999998
-0.05905151076156957,0.207
-0.05900890822394601,0.2067
-0.058966019267878395,0.20639999999999997
-0.05892284416143507,0.20609999999999998
-0.05887938317025772,0.20579999999999998
-0.05883563655756947,0.2055
-0.0587916045841827,0.2052
-0.05874728750850644,0.2049
-0.0587026855865542,0.20459999999999998
-0.058657799071951226,0.20429999999999998
-0.05861262821594171,0.204
-0.05856717326739602,0.2037
-0.058521434472817775,0.2034
-0.058475412076350486,0.20309999999999997
-0.05842910631978461,0.20279999999999998
-0.058382517442563994,0.20249999999999999
-0.05833564568179244,0.2022
-0.058288491272240096,0.2019
-0.05824105444634971,0.20159999999999997
-0.05819333543424281,0.20129999999999998
-0.058145334463725586,0.20099999999999998
-0.058097051760294977,0.2007
-0.058048487547144326,0.2004
-0.05799964204516898,0.20009999999999997
-0.05795051547297199,0.19979999999999998
-0.057901108046869314,0.19949999999999998
-0.057851419980895324,0.1992
-0.05780145148680778,0.1989
-0.057751202774092986,0.1986
-0.05770067404997066,0.19829999999999998
-0.05764986551939885,0.19799999999999998
-0.057598777385078515,0.1977
-0.05754740984745815,0.1974
-0.05749576310473822,0.1971
-0.057443837352875546,0.19679999999999997
-0.05739163278558748,0.19649999999999998
-0.057339149594356015,0.19619999999999999
-0.0572863879684318,0.1959
-0.05723334809483803,0.1956
-0.05718003015837406,0.19529999999999997
-0.057126434341619285,0.19499999999999998
-0.05707256082493646,0.19469999999999998
-0.057018409786475155,0.1944
-0.05696398140217512,0.1941
-0.056909275845769366,0.19379999999999997
-0.056854293288787286,0.19349999999999998
-0.05679903390055756,0.19319999999999998
-0.056743497848211026,0.1929
-0.05668768529668335,0.1926
-0.05663159640871765,0.1923
-0.056575231344866965,0.19199999999999998
-0.05651859026349661,0.19169999999999998
-0.0564616733207865,0.1914
-0.05640448067073314,0.1911
-0.05634701246515184,0.1908
-0.05628926885367845,0.19049999999999997
-0.05623124998377123,0.19019999999999998
-0.05617295600071255,0.18989999999999999
-0.05611438704761034,0.1896
-0.056055543265399646,0.1893
-0.05599642479284392,0.18899999999999997
-0.05593703176653623,0.18869999999999998
-0.055877364320900305,0.18839999999999998
-0.055817422588191605,0.1881
-0.05575720669849815,0.1878
-0.055696716779741196,0.1875
-0.05563595295767591,0.18719999999999998
-0.05557491535589201,0.18689999999999998
-0.05551360409581392,0.1866
-0.05545201929670117,0.1863
-0.05539016107564862,0.186
-0.05532802954758635,0.18569999999999998
-0.05526562482527971,0.18539999999999998
-0.05520294701932904,0.1851
-0.0551399962381694,0.1848
-0.05507677258807007,0.1845
-0.0550132761731341,0.18419999999999997
-0.05494950709529753,0.18389999999999998
-0.0548854654543286,0.18359999999999999
-0.05482115134782693,0.1833
-0.05475656487122233,0.183
-0.054691706117773735,0.18269999999999997
-0.05462657517856792,0.1824
-0.054561172142518016,0.18209999999999998
-0.05449549709636202,0.1818
-0.05442955012466119,0.1815
-0.05436333130979811,0.18119999999999997
-0.05429684073197495,0.1809
-0.054230078469211324,0.18059999999999998
-0.054163044597342155,0.1803
-0.05409573919001539,0.18
-0.05402816231868952,0.17969999999999997
-0.053960314052631186,0.1794
-0.05389219445891233,0.17909999999999998
-0.05382380360240747,0.1788
-0.053755141545790724,0.1785
-0.05368620834953281,0.17819999999999997
-0.05361700407189777,0.1779
-0.05354752876893963,0.17759999999999998
-0.053477782494498985,0.17729999999999999
-0.05340776530019937,0.177
-0.053337477235443444,0.17669999999999997
-0.05326691834740924,0.1764
-0.05319608868104606,0.17609999999999998
-0.053124988279070307,0.17579999999999998
-0.05305361718196121,0.1755
-0.05298197542795643,0.1752
-0.05291006305304742,0.1749
-0.05283788009097473,0.17459999999999998
-0.052765426573223126,0.17429999999999998
-0.052692702529016554,0.174
-0.05261970798531304,0.1737
-0.052546442966799334,0.1734
-0.052472907495885485,0.17309999999999998
-0.05239910159269921,0.17279999999999998
-0.05232502527508015,0.1725
-0.052250678558573946,0.1722
-0.05217606145642619,0.1719
-0.052101173979576254,0.17159999999999997
-0.052026016136650775,0.1713
-0.05195058793395729,0.17099999999999999
-0.051874889375477407,0.1707
-0.051798920462860054,0.1704
-0.0517226811954144,0.17009999999999997
-0.05164617157010272,0.1698
-0.051569391581532946,0.16949999999999998
-0.05149234122195136,0.1692
-0.05141502048123467,0.1689
-0.051337429346882374,0.16859999999999997
-0.05125956780400857,0.1683
-0.051181435835333876,0.16799999999999998
-0.051103033421177,0.1677
-0.0510243605394462,0.1674
-0.050945417165630585,0.16709999999999997
-0.05086620327279117,0.1668
-0.050786718831551794,0.16649999999999998
-0.05070696381008984,0.1662
-0.05062693817412685,0.1659
-0.050546641886918695,0.16559999999999997
-0.05046607490924593,0.1653
-0.05038523719940362,0.16499999999999998
-0.05030412871319118,0.16469999999999999
-0.050222749403901916,0.1644
-0.05014109922231243,0.16409999999999997
-0.05005917811667172,0.1638
-0.049976986032690254,0.16349999999999998
-0.04989452291352858,0.16319999999999998
-0.04981178869978607,0.1629
-0.04972878332948907,0.1626
-0.049645506738079104,0.1623
-0.049561958858400854,0.16199999999999998
-0.0494781396206897,0.16169999999999998
-0.049394048952559284,0.1614
-0.049309686778988754,0.1611
-0.04922505302230969,0.1608
-0.04914014760219303,0.16049999999999998
-0.04905497043563544,0.1602
-0.048969521436945815,0.1599
-0.04888380051773118,0.1596
-0.04879780758688264,0.1593
-0.04871154255056091,0.15899999999999997
-0.04862500531218167,0.1587
-0.04853819577240062,0.15839999999999999
-0.04845111382909835,0.1581
-0.048363759377364854,0.1578
-0.048276132309483896,0.15749999999999997
-0.04818823251491701,0.1572
-0.04810005988028724,0.15689999999999998
-0.048011614289362736,0.1566
-0.04792289562303986,0.1563
-0.04783390375932616,0.15599999999999997
-0.047744638573323055,0.1557
-0.04765509993720815,0.15539999999999998
-0.047565287720217383,0.1551
-0.047475201788626645,0.1548
-0.04738484200573338,0.15449999999999997
-0.04729420823183774,0.1542
-0.047203300324223374,0.15389999999999998
-0.04711211813713795,0.1536
-0.04702066152177348,0.1533
-0.0469289303262461,0.15299999999999997
-0.04683692439557573,0.1527
-0.046744643571665134,0.15239999999999998
-0.04665208769327904,0.15209999999999999
-0.04655925659602247,0.1518
-0.04646615011231905,0.1515
-0.04637276807138882,0.1512
-0.046279110299225705,0.15089999999999998
-0.0461851766185746,0.15059999999999998
-0.04609096684890815,0.1503
-0.04599648080640305,0.15
-0.045901718303916095,0.1497
-0.045806679150959685,0.14939999999999998
-0.045711363153677076,0.1491
-0.04561577011481713,0.1488
-0.04551989983370867,0.1485
-0.04542375210623444,0.1482
-0.04532732672480476,0.14789999999999998
-0.0452306234783304,0.1476
-0.045133642152195494,0.1473
-0.04503638252822955,0.147
-0.04493884438467943,0.1467
-0.044841027496180436,0.14639999999999997
-0.04474293163372739,0.1461
-0.04464455656464483,0.14579999999999999
-0.04454590205255698,0.1455
-0.044446967857357106,0.1452
-0.04434775373517647,0.14489999999999997
-0.0442482594383527,0.1446
-0.04414848471539764,0.14429999999999998
-0.044048429310964705,0.144
-0.043948092965815734,0.1437
-0.043847475416787185,0.14339999999999997
-0.04374657639675598,0.1431
-0.04364539563460448,0.14279999999999998
-0.0435439328551852,0.1425
-0.043442187779284804,0.1422
-0.04334016012358736,0.14189999999999997
-0.04323784960063731,0.1416
-0.043135255918801615,0.14129999999999998
-0.04303237878223114,0.141
-0.0429292178908218,0.1407
-0.04282577294017466,0.1404
-0.04272204362155558,0.1401
-0.04261802962185419,0.13979999999999998
-0.04251373062354202,0.13949999999999999
-0.04240914630463015,0.1392
-0.04230427633862593,0.1389
-0.042199120394489115,0.1386
-0.04209367813658728,0.13829999999999998
-0.04198794922465028,0.138
-0.04188193331372421,0.1377
-0.04177563005412434,0.1374
-0.04166903909138748,0.1371
-0.04156216006622329,0.13679999999999998
-0.04145499261446493,0.1365
-0.041347536367018795,0.1362
-0.04123979094981342,0.1359
-0.04113175598374748,0.1356
-0.04102343108463684,0.13529999999999998
-0.040914815863160835,0.135
-0.04080590992480743,0.1347
-0.040696712869817575,0.1344
-0.04058722429312849,0.1341
-0.04047744378431603,0.13379999999999997
-0.04036737092753599,0.1335
-0.04025700530146434,0.13319999999999999
-0.04014634647923654,0.1329
-0.04003539402838557,0.1326
-0.03992414751077911,0.13229999999999997
-0.03981260648255532,0.132
-0.03970077049405774,0.13169999999999998
-0.03958863908976882,0.1314
-0.03947621180824233,0.1311
-0.0393634881820346,0.13079999999999997
-0.039250467737634374,0.1305
-0.03913714999539157,0.13019999999999998
-0.03902353446944451,0.1299
-0.03890962066764611,0.1296
-0.038795408091488404,0.1293
-0.0386808962360259,0.129
-0.038566084589797434,0.12869999999999998
-0.03845097263474652,0.1284
-0.03833555984614038,0.1281
-0.03821984569248725,0.1278
-0.038103829635452245,0.1275
-0.037987511129771695,0.12719999999999998
-0.03787088962316571,0.12689999999999999
-0.037753964556249235,0.1266
-0.037636735362441234,0.1263
-0.03751920146787238,0.126
-0.03740136229129072,0.12569999999999998
-0.03728321724396566,0.1254
-0.037164765729590085,0.1251
-0.037046007144180555,0.1248
-0.03692694087597546,0.12449999999999999
-0.036807566305331406,0.12419999999999999
-0.03668788280461728,0.1239
-0.036567889738106485,0.12359999999999999
-0.036447586461866834,0.12329999999999999
-0.03632697232364834,0.123
-0.03620604666276877,0.12269999999999999
-0.03608480880999682,0.1224
-0.03596325808743309,0.12209999999999999
-0.03584139380838841,0.12179999999999999
-0.0357192152772599,0.1215
-0.035596721789404415,0.1212
-0.035473912631009304,0.1209
-0.03535078707896069,0.12059999999999998
-0.0352273444007088,0.12029999999999999
-0.0351035838541307,0.12
-0.03497950468738993,0.1197
-0.03485510613879346,0.11939999999999999
-0.03473038743664536,0.11909999999999998
-0.03460534779909751,0.11879999999999999
-0.034479986433997085,0.1185
-0.03435430253873081,0.1182
-0.034228295300065846,0.11789999999999999
-0.034101963893987106,0.1176
-0.03397530748553127,0.11729999999999999
-0.033848325228616985,0.11699999999999999
-0.0337210162658714,0.1167
-0.033593379728452895,0.11639999999999999
-0.03346541473586982,0.1161
-0.033337120395795235,0.11579999999999999
-0.03320849580387748,0.11549999999999999
-0.03307954004354653,0.1152
-0.03295025218581584,0.1149
-0.03282063128907982,0.1146
-0.032690676398906576,0.11429999999999998
-0.03256038654782595,0.11399999999999999
-0.03242976075511262,0.1137
-0.03229879802656415,0.1134
-0.03216749735427391,0.11309999999999999
-0.03203585771639855,0.11279999999999998
-0.031903878076920085,0.11249999999999999
-0.031771557385402285,0.1122
-0.03163889457674124,0.1119
-0.03150588857090992,0.11159999999999999
-0.03137253827269657,0.1113
-0.031238842571436796,0.11099999999999999
-0.03110480034073898,0.11069999999999999
-0.03097041043820311,0.1104
-0.030835671705132482,0.1101
-0.030700582966238378,0.1098
-0.030565143029337265,0.10949999999999999
-0.0304293506850404,0.10919999999999999
-0.0302932047064356,0.1089
-0.030156703848760867,0.1086
-0.030019846849069647,0.1083
-0.029882632425887484,0.10799999999999998
-0.02974505927885981,0.10769999999999999
-0.02960712608839044,0.1074
-0.029468831515270605,0.1071
-0.029330174200298244,0.10679999999999999
-0.029191152763887104,0.10649999999999998
-0.02905176580566543,0.10619999999999999
-0.028912011904063728,0.1059
-0.028771889615891534,0.1056
-0.028631397475902466,0.10529999999999999
-0.028490533996347427,0.105
-0.028349297666515415,0.10469999999999999
-0.02820768695226156,0.10439999999999999
-0.028065700295521946,0.1041
-0.027923336113814725,0.1038
-0.02778059279972709,0.1035
-0.027637468720387543,0.10319999999999999
-0.027493962216922997,0.10289999999999999
-0.027350071603900163,0.1026
-0.027205795168750505,0.1023
-0.027061131171178462,0.102
-0.026916077842552004,0.10169999999999998
-0.02677063338527512,0.10139999999999999
-0.02662479597214131,0.1011
-0.0264785637456677,0.1008
-0.02633193481740874,0.10049999999999999
-0.026184907267248814,0.1002
-0.02603747914267305,0.09989999999999999
-0.02588964845801536,0.0996
-0.025741413193682852,0.0993
-0.025592771295355754,0.099
-0.02544372067316171,0.0987
-0.025294259200823753,0.09839999999999999
-0.02514438471478043,0.09809999999999999
-0.024994095013277415,0.0978
-0.02484338785542917,0.0975
-0.0246922609602494,0.0972
-0.024540712005649272,0.09689999999999999
-0.02438873862740174,0.09659999999999999
-0.024236338418070717,0.0963
-0.024083508925903552,0.096
-0.02393024765368531,0.0957
-0.023776552057553024,0.09539999999999998
-0.023622419545768446,0.09509999999999999
-0.02346784747744711,0.0948
-0.023312833161242198,0.0945
-0.023157373853980767,0.09419999999999999
-0.023001466759250508,0.0939
-0.022845109025934576,0.09359999999999999
-0.022688297746692232,0.0933
-0.022531029956382696,0.093
-0.022373302630429595,0.0927
-0.022215112683123192,0.0924
-0.022056456965857466,0.09209999999999999
-0.02189733226529879,0.09179999999999999
-0.021737735301483062,0.0915
-0.021577662725837554,0.0912
-0.021417111119124033,0.0909
-0.021256076989298902,0.0906
-0.02109455676928644,0.09029999999999999
-0.02093254681466056,0.09
-0.020770043401230336,0.0897
-0.020607042722524508,0.0894
-0.020443540887169345,0.0891
-0.020279533916154488,0.08879999999999999
-0.02011501773998054,0.0885
-0.019949988195682146,0.0882
-0.019784441023719627,0.08789999999999999
-0.019618371864731934,0.0876
-0.019451776256143173,0.08729999999999999
-0.019284649628614318,0.087
-0.019116987302331353,0.0867
-0.018948784483120307,0.08639999999999999
-0.01878003625837903,0.0861
-0.01861073759281489,0.08579999999999999
-0.018440883323976722,0.08549999999999999
-0.018270468157568547,0.0852
-0.01809948666253174,0.0849
-0.017927933265881085,0.0846
-0.017755802247279462,0.0843
-0.017583087733334314,0.08399999999999999
-0.017409783691598138,0.0837
-0.017235883924253487,0.0834
-0.01706138206146181,0.0831
-0.01688627155435347,0.0828
-0.01671054566763464,0.08249999999999999
-0.01653419747178466,0.0822
-0.016357219834815438,0.0819
-0.016179605413561778,0.08159999999999999
-0.016001346644469082,0.0813
-0.01582243573384192,0.08099999999999999
-0.0156428646475137,0.0807
-0.015462625099894066,0.0804
-0.01528170854234693,0.0801
-0.015100106150847411,0.0798
-0.014917808812861408,0.0795
-0.01473480711338597,0.07919999999999999
-0.014551091320082827,0.0789
-0.014366651367430709,0.0786
-0.014181476839814772,0.0783
-0.013995556953463124,0.078
-0.01380888053713122,0.07769999999999999
-0.013621436011424553,0.0774
-0.013433211366638243,0.0771
-0.01324419413897934,0.0768
-0.013054371385022426,0.0765
-0.0128637296542327,0.07619999999999999
-0.012672254959371562,0.0759
-0.012479932744578332,0.0756
-0.012286747850897058,0.07529999999999999
-0.012092684478989615,0.075
-0.011897726148744146,0.0747
-0.01170185565545143,0.0744
-0.011505055022179462,0.0741
-0.011307305447928111,0.07379999999999999
-0.01110858725108952,0.0735
-0.010908879807674783,0.0732
-0.010708161483691856,0.07289999999999999
-0.010506409560971108,0.0726
-0.010303600155631587,0.0723
-0.010099708128259477,0.072
-0.00989470698472663,0.0717
-0.009688568766407507,0.07139999999999999
-0.009481263928350525,0.0711
-0.009272761203718956,0.0708
-0.009063027452526951,0.0705
-0.009000000000000001,0.0702
-0.009000000000000001,0.06989999999999999
-0.009000000000000001,0.0696
-0.009000000000000001,0.0693
-0.009000000000000001,0.06899999999999999
-0.009000000000000001,0.0687
-0.009000000000000001,0.0684
-0.009000000000000001,0.0681
-0.009000000000000001,0.0678
-0.009000000000000001,0.0675
-0.009000000000000001,0.0672
-0.009000000000000001,0.0669
-0.009000000000000001,0.06659999999999999
-0.009000000000000001,0.0663
-0.009000000000000001,0.066
-0.009000000000000001,0.0657
-0.009000000000000001,0.0654
-0.009000000000000001,0.06509999999999999
-0.009000000000000001,0.0648
-0.009000000000000001,0.0645
-0.009000000000000001,0.0642
-0.009000000000000001,0.0639
-0.009000000000000001,0.0636
-0.009000000000000001,0.0633
-0.009000000000000001,0.063
-0.009000000000000001,0.06269999999999999
-0.009000000000000001,0.0624
-0.009000000000000001,0.062099999999999995
-0.009000000000000001,0.0618
-0.009000000000000001,0.0615
-0.009000000000000001,0.0612
-0.009000000000000001,0.060899999999999996
-0.009000000000000001,0.0606
-0.009000000000000001,0.0603
-0.009000000000000001,0.06
